150
2
1
44 963.289 193.326
15
0 15 1960 360
1 10 1280 320
0 15 1760 360
1 10 2200 360
1 10 1120 320
0 15 2800 320
0 15 1960 360
0 15 2680 280
0 15 2080 360
0 15 2960 320
1 10 2400 360
0 15 2080 360
1 10 1760 360
1 10 3800 360
0 12 1011.47 323.028
10
3 1880 360
2 2120 360
3 680 360
2 760 320
3 1600 400
2 3160 360
2 2240 360
2 1840 360
2 2600 320
2 2040 360
17
1 1 1253.4 366.494
1 1 1229.96 366.494
1 1 1205.44 366.494
1 1 1189.71 303.834
1 1 1186.02 266.17
1 1 1178.33 234.756
1 1 1177.66 218.377
1 1 1173.64 214.103
1 1 1168.96 224.416
1 1 1164.6 248.748
1 1 1160.24 287.292
0 0 875.643 336
1 0 737.935 322.304
1 0 752.429 275.875
1 1 1031.58 225.004
0 0 1206.36 336
0 0 1079.82 336
